import type { PlaybackScript } from "../types";

export const playbackScript = {
  id: "moon-circle-ok",
  snapshot: {
    metadata: {
      label: "moon-circle-ok",
      capturedSimTimeMillis: 399411.89999999997,
      dominantBodyId: "planet:sun",
    },
    ships: [
      {
        id: "ship:main",
        position: {
          x: -26671683998.92426,
          y: 144491177771.90158,
          z: 27310641.912620444,
        },
        velocity: {
          x: -446859.5416060058,
          y: -534257.2496345167,
          z: 55871.574832729995,
        },
        frame: {
          right: {
            x: -0.7669842266800303,
            y: 0.6416652747085887,
            z: 0.0009334115851714046,
          },
          forward: {
            x: -0.6395534941210674,
            y: -0.7645763320328918,
            z: 0.07996474631150272,
          },
          up: {
            x: 0.052024265315040355,
            y: 0.06073473247064326,
            z: 0.9967972552581341,
          },
        },
        orientation: [
          [-0.7669842266800303, -0.6395534941210674, 0.052024265315040355],
          [0.6416652747085887, -0.7645763320328918, 0.06073473247064326],
          [0.0009334115851714046, 0.07996474631150272, 0.9967972552581341],
        ],
        angularVelocity: {
          roll: 0,
          pitch: 0,
          yaw: 0,
        },
      },
      {
        id: "ship:enemy",
        position: {
          x: -26513907984.3068,
          y: 144694572155.7253,
          z: -6337445.35653217,
        },
        velocity: {
          x: -36650.40815024285,
          y: -6714.44758084987,
          z: 3655.6184617580852,
        },
        frame: {
          right: {
            x: -0.18013842497028135,
            y: 0.9836412684995892,
            z: -0.00005247614129495884,
          },
          forward: {
            x: -0.9836412698878167,
            y: -0.18013842497028135,
            z: 0.000004765463187072116,
          },
          up: {
            x: -0.000004765463187072113,
            y: 0.00005247614129495884,
            z: 0.9999999986117726,
          },
        },
        orientation: [
          [-0.18013842497028135, -0.9836412698878167, -0.000004765463187072113],
          [0.9836412684995892, -0.18013842497028135, 0.00005247614129495884],
          [
            -0.00005247614129495884, 0.000004765463187072116,
            0.9999999986117726,
          ],
        ],
        angularVelocity: {
          roll: 0,
          pitch: 0,
          yaw: 0,
        },
      },
    ],
    planets: [
      {
        id: "planet:mercury",
        position: {
          x: -19446868020.326706,
          y: -66917500355.40705,
          z: -3681563271.0044303,
        },
        velocity: {
          x: 37201.97853253694,
          y: -10573.540954260967,
          z: -4278.357800546129,
        },
        orientation: [
          [0.9999998781882834, -0.0004919396996383706, -0.00004023291680450438],
          [0.0004919378722558792, 0.9999998779671629, -0.00004541736565707683],
          [0.00004025525450476894, 0.00004539756802498351, 0.9999999981592944],
        ],
      },
      {
        id: "planet:venus",
        position: {
          x: -107455867485.39906,
          y: -4899058360.140364,
          z: 6135406198.599227,
        },
        velocity: {
          x: 1570.2918481939573,
          y: -35158.49394303014,
          z: -571.164717377385,
        },
        orientation: [
          [0.99999999286024, -0.00011938183094654081, -0.000005248889949691861],
          [
            0.00011938181600087737, 0.999999992869976,
            -0.0000028476261352364705,
          ],
          [
            0.000005249229865838045, 0.0000028469994951971393,
            0.9999999999821916,
          ],
        ],
      },
      {
        id: "planet:earth",
        position: {
          x: -26510943555.778168,
          y: 144695115044.18027,
          z: -611078.6276088536,
        },
        velocity: {
          x: -29818.362462621044,
          y: -5463.26585468656,
          z: 0.18283870380827044,
        },
        orientation: [
          [0.9996401679598996, -0.026705283017987684, 0.002522391733634808],
          [0.0267321729221455, 0.9995786747953409, -0.011307688767366608],
          [-0.002219353957631591, 0.011371048910645092, 0.9999328846051095],
        ],
      },
      {
        id: "planet:mars",
        position: {
          x: 208048247587.3563,
          y: -1996532503.9421809,
          z: -5156071209.653207,
        },
        velocity: {
          x: 266.3874348152059,
          y: 26339.63347758394,
          z: 545.2422422783976,
        },
        orientation: [
          [0.9996075810044739, -0.025490527569630633, -0.011615377855263058],
          [0.025539756767149906, 0.9996653591196024, 0.004109817606659011],
          [0.011506729455992749, -0.00440485876131394, 0.9999240933174104],
        ],
      },
      {
        id: "planet:jupiter",
        position: {
          x: 598564395213.8324,
          y: 439609084290.82465,
          z: -15226807659.454878,
        },
        velocity: {
          x: -8095.205552244454,
          y: 11026.999484012991,
          z: 135.55201528835127,
        },
        orientation: [
          [0.9975402276093742, -0.07001820770543925, -0.0033083063004836024],
          [0.07000937460211672, 0.9975426402465914, -0.0027144718813763226],
          [0.003490239057731328, 0.0024761824432960487, 0.999990843333974],
        ],
      },
      {
        id: "planet:saturn",
        position: {
          x: 958382488744.5492,
          y: 982859089177.1812,
          z: -55212914666.84087,
        },
        velocity: {
          x: -7181.290454423646,
          y: 7011.610477516078,
          z: 163.01665828012293,
        },
        orientation: [
          [0.9983772497708531, -0.05692138152232566, 0.001680317083785704],
          [0.056946053631494895, 0.9978787927621181, -0.03154460225490982],
          [0.00011880955689913071, 0.0315891006711435, 0.9995009327675429],
        ],
      },
      {
        id: "planet:uranus",
        position: {
          x: 2158976644205.4604,
          y: -2054623635632.765,
          z: -35625518013.88435,
        },
        velocity: {
          x: 4519.260392932656,
          y: 4749.500881036632,
          z: -40.93888564182268,
        },
        orientation: [
          [0.9991998713555628, -0.005286666433397643, -0.0396442712270242],
          [0.005543982296385677, 0.9999642570003644, 0.006383492934313205],
          [0.03960910682402874, -0.006598172456601225, 0.9991934661399543],
        ],
      },
      {
        id: "planet:neptune",
        position: {
          x: 2515048305003.964,
          y: -3738713303742.7773,
          z: 19032149742.729908,
        },
        velocity: {
          x: 4502.620350952249,
          y: 3028.0861653677593,
          z: -166.12298169843874,
        },
        orientation: [
          [0.9991584247013819, -0.03822056716100979, -0.014887262813640643],
          [0.038010956295118754, 0.9991775970263923, -0.014117251931271436],
          [0.015414588859975657, 0.013539492104626944, 0.9997895141497696],
        ],
      },
      {
        id: "planet:moon",
        position: {
          x: -26767379949.49755,
          y: 144387886570.55,
          z: 34182375.12615007,
        },
        velocity: {
          x: -29072.395441408804,
          y: -6088.3963503114355,
          z: -22.43432098035863,
        },
        orientation: [
          [0.9999994548915158, -0.0010433780675154418, 0.00003973256065381841],
          [0.00104338599271619, 0.9999994356790628, -0.00019996803470724228],
          [
            -0.000039523895960486576, 0.00020000938210215232,
            0.9999999792171341,
          ],
        ],
      },
      {
        id: "planet:phobos",
        position: {
          x: 208046482752.1442,
          y: -2005664344.9218993,
          z: -5156171232.549714,
        },
        velocity: {
          x: 2380.833598957672,
          y: 25929.75988504259,
          z: 510.9691903379018,
        },
        orientation: [
          [0.9958625819377608, -0.09086435703984219, -0.001177504122291076],
          [0.09086283194733406, 0.9958625819377575, -0.0012898320559179605],
          [0.0012898320559179702, 0.0011775041222910824, 0.9999984749074866],
        ],
      },
      {
        id: "planet:deimos",
        position: {
          x: 208027565704.58646,
          y: -1985461397.7515872,
          z: -5155334370.910544,
        },
        velocity: {
          x: -370.98600181493464,
          y: 25149.02974719636,
          z: 543.8808467770625,
        },
        orientation: [
          [0.9997364222365193, -0.02295563262326971, -0.000353531391161278],
          [0.02295540724203649, 0.9997362921126307, -0.0006288967720881773],
          [0.00036787488540574186, 0.0006206155518250023, 0.9999997397522122],
        ],
      },
    ],
    stars: [
      {
        id: "planet:sun",
        position: {
          x: 0.01341022597988363,
          y: 0.012940672766233719,
          z: -0.00033415127433149354,
        },
        velocity: {
          x: 0.00006714976219004563,
          y: 0.00006479845130222892,
          z: -0.0000016732264928198695,
        },
        orientation: [
          [0.9999993277531741, -0.0011502523718747127, -0.00014633058395878545],
          [0.0011502523718747574, 0.9999993384594901, -8.415858140742046e-8],
          [0.00014633058395878003, -8.415858140741419e-8, 0.999999989293684],
        ],
      },
    ],
  },
  fixedDtMillis: 16.666666666666668,
  timeScale: 32,
  phases: [
    {
      durationMs: 5598.0999999999985,
      controls: {
        thrustLevel: 5,
        alignToVelocity: true,
      },
    },
    {
      durationMs: 13263.300000000003,
      controls: {
        thrustLevel: 5,
        circleNow: true,
      },
    },
  ],
  endBehavior: "pause",
  metadata: {
    capturedSimTimeMillis: 399411.89999999997,
    recordingStartedRuntimeMs: 46787.4,
    recordingEndedRuntimeMs: 65648.8,
  },
} satisfies PlaybackScript;
