import type { PlaybackScript } from "../types";

export const playbackScript = {
  id: "moon-circle-ok-2",
  snapshot: {
    metadata: {
      label: "moon-circle-ok-2",
      capturedSimTimeMillis: 598321.046,
      dominantBodyId: "planet:sun",
    },
    ships: [
      {
        id: "ship:main",
        position: {
          x: -26732785972.108765,
          y: 144425865429.0364,
          z: 32029952.507018317,
        },
        velocity: {
          x: -431961.83248315065,
          y: -497139.7050688352,
          z: 51873.928196193636,
        },
        frame: {
          right: {
            x: -0.755004791551346,
            y: 0.6557083870552917,
            z: -0.0037783435333881084,
          },
          forward: {
            x: -0.6539111416304607,
            y: -0.752482766398854,
            z: 0.07854874361996704,
          },
          up: {
            x: 0.04866193158985913,
            y: 0.061775378736803235,
            z: 0.996903114146941,
          },
        },
        orientation: [
          [-0.755004791551346, -0.6539111416304607, 0.04866193158985913],
          [0.6557083870552917, -0.752482766398854, 0.061775378736803235],
          [-0.0037783435333881084, 0.07854874361996704, 0.996903114146941],
        ],
        angularVelocity: {
          roll: 0,
          pitch: 0,
          yaw: 0,
        },
      },
      {
        id: "ship:enemy",
        position: {
          x: -26521099060.54888,
          y: 144693254601.6678,
          z: -5451490.598631767,
        },
        velocity: {
          x: -35593.215415394836,
          y: -6522.085360743788,
          z: 5209.266209749407,
        },
        frame: {
          right: {
            x: -0.18013842497028135,
            y: 0.9836412684995892,
            z: -0.00005247614129495884,
          },
          forward: {
            x: -0.9836412698878167,
            y: -0.18013842497028135,
            z: 0.000004765463187072116,
          },
          up: {
            x: -0.000004765463187072113,
            y: 0.00005247614129495884,
            z: 0.9999999986117726,
          },
        },
        orientation: [
          [-0.18013842497028135, -0.9836412698878167, -0.000004765463187072113],
          [0.9836412684995892, -0.18013842497028135, 0.00005247614129495884],
          [
            -0.00005247614129495884, 0.000004765463187072116,
            0.9999999986117726,
          ],
        ],
        angularVelocity: {
          roll: 0,
          pitch: 0,
          yaw: 0,
        },
      },
    ],
    planets: [
      {
        id: "planet:mercury",
        position: {
          x: -19439468056.097332,
          y: -66919603011.63948,
          z: -3682414247.0133057,
        },
        velocity: {
          x: 37203.49118638337,
          y: -10568.334842026836,
          z: -4278.071352094439,
        },
        orientation: [
          [0.9999997266522322, -0.0007369288018528599, -0.00006026077764199636],
          [0.0007369247011722369, 0.9999997261560218, -0.00006804282461463471],
          [0.000060310903860878975, 0.00006799839835643045, 0.999999995869407],
        ],
      },
      {
        id: "planet:venus",
        position: {
          x: -107455554914.0892,
          y: -4906051695.838936,
          z: 6135292575.81495,
        },
        velocity: {
          x: 1572.5632450014052,
          y: -35158.39029073814,
          z: -571.2944054910893,
        },
        orientation: [
          [
            0.9999999839781872, -0.00017883459150918186,
            -0.000007862736872298531,
          ],
          [
            0.00017883455797072646, 0.9999999839999844,
            -0.000004265992081615462,
          ],
          [0.000007863499653087463, 0.000004264585884854679, 0.999999999960032],
        ],
      },
      {
        id: "planet:earth",
        position: {
          x: -26516874679.274223,
          y: 144694028230.6595,
          z: -611042.1977743505,
        },
        velocity: {
          x: -29818.146098807785,
          y: -5464.472163613571,
          z: 0.1833516497937119,
        },
        orientation: [
          [0.9991926010225484, -0.039987581537037895, 0.003890936205888818],
          [0.040047917690302214, 0.9990546213191168, -0.016912359667250992],
          [-0.0032109734365680528, 0.017054528538262573, 0.9998494050135438],
        ],
      },
      {
        id: "planet:mars",
        position: {
          x: 208048300513.58224,
          y: -1991293309.3537412,
          z: -5155962754.480765,
        },
        velocity: {
          x: 265.77734644683517,
          y: 26339.639381932255,
          z: 545.2573617773421,
        },
        orientation: [
          [0.9991194775650318, -0.03816021718367029, -0.01743752777150409],
          [0.03827067924938397, 0.9992491219685002, 0.006045440854919804],
          [0.017193738978989157, -0.006707463740841023, 0.9998296781303229],
        ],
      },
      {
        id: "planet:jupiter",
        position: {
          x: 598562784999.5775,
          y: 439611277659.00964,
          z: -15226780696.822206,
        },
        velocity: {
          x: -8095.24415195606,
          y: 11026.971142128226,
          z: 135.55299638852182,
        },
        orientation: [
          [0.9944830434115222, -0.10478374717083551, -0.004882898298335846],
          [0.10476393564365918, 0.994488454649838, -0.004151066933362312],
          [0.005290950330958708, 0.0036166140342138477, 0.9999794627628682],
        ],
      },
      {
        id: "planet:saturn",
        position: {
          x: 958381060319.2169,
          y: 982860483849.8008,
          z: -55212882241.28389,
        },
        velocity: {
          x: -7181.300257224471,
          y: 7011.600408355462,
          z: 163.0172247735446,
        },
        orientation: [
          [0.9963601195752658, -0.08518426883629608, 0.0031862929545396677],
          [0.08523960916261299, 0.9952420646360212, -0.04719578168474715],
          [0.0008492053763660772, 0.04729559304898539, 0.998880576309505],
        ],
      },
      {
        id: "planet:uranus",
        position: {
          x: 2158977543127.9045,
          y: -2054622690913.194,
          z: -35625526157.00347,
        },
        velocity: {
          x: 4519.258235667912,
          y: 4749.502935080002,
          z: -40.93885004229437,
        },
        orientation: [
          [0.9982048017403521, -0.007820758738075587, -0.05938021147928076],
          [0.008398082138023264, 0.9999198056822529, 0.009479157178732562],
          [0.05930131532239672, -0.009960820105639607, 0.9981904307614956],
        ],
      },
      {
        id: "planet:neptune",
        position: {
          x: 2515049200616.8413,
          y: -3738712701428.144,
          z: 19032116699.35238,
        },
        velocity: {
          x: 4502.619623505036,
          y: 3028.0872474950515,
          z: -166.12298722402716,
        },
        orientation: [
          [0.9981118559336715, -0.05731054916497238, -0.02209579143403363],
          [0.056840269781356985, 0.9981548706368183, -0.021355045193247102],
          [0.02327889120790634, 0.020058793045255055, 0.999527757516358],
        ],
      },
      {
        id: "planet:moon",
        position: {
          x: -26773162661.421814,
          y: 144386675450.33292,
          z: 34177908.47299521,
        },
        velocity: {
          x: -29071.858280065197,
          y: -6089.225832640204,
          z: -22.477169047194987,
        },
        orientation: [
          [0.9999987767664675, -0.0015629822990163645, 0.000059597396236582566],
          [0.0015630000833158416, 0.999998733653205, -0.000299537634151812],
          [
            -0.000059129148744686594, 0.00029963041848278635,
            0.9999999533627091,
          ],
        ],
      },
      {
        id: "planet:phobos",
        position: {
          x: 208046957970.7819,
          y: -2000497039.145421,
          z: -5156069486.946739,
        },
        velocity: {
          x: 2396.669396310131,
          y: 26026.8071042132,
          z: 512.0785657081676,
        },
        orientation: [
          [0.9907235245140545, -0.13588209304558538, -0.001718942676164197],
          [0.13587867364656567, 0.9907235245140549, -0.0019707923338495798],
          [0.00197079233384958, 0.0017189426761641997, 0.99999658060098],
        ],
      },
      {
        id: "planet:deimos",
        position: {
          x: 208027493209.15265,
          y: -1980459745.2991605,
          z: -5155226234.800488,
        },
        velocity: {
          x: -357.93036465360564,
          y: 25141.820588942974,
          z: 543.4106689330342,
        },
        orientation: [
          [0.9994085587997433, -0.034383976348468084, -0.0005241833631552057],
          [0.0343834706163259, 0.999408266815183, -0.0009450766184971802],
          [0.0005563686785636373, 0.00092649441798217, 0.9999994160308584],
        ],
      },
    ],
    stars: [
      {
        id: "planet:sun",
        position: {
          x: 0.03009276160616997,
          y: 0.029039035950614585,
          z: -0.0007498463557922232,
        },
        velocity: {
          x: 0.0001005904712221346,
          y: 0.0000970679987952407,
          z: -0.0000025065242963629914,
        },
        orientation: [
          [0.9999984914654861, -0.0017230833894883472, -0.00021920389364861925],
          [0.0017230833894883732, 0.9999985154907101, -1.8885343921797107e-7],
          [0.00021920389364861676, -1.8885343921796594e-7, 0.9999999759747761],
        ],
      },
    ],
  },
  fixedDtMillis: 16.666666666666668,
  timeScale: 32,
  phases: [
    {
      durationMs: 2399.2999999999993,
      controls: {
        thrustLevel: 9,
        alignToVelocity: true,
      },
    },
    {
      durationMs: 12145.899999999998,
      controls: {
        thrustLevel: 9,
        circleNow: true,
      },
    },
  ],
  endBehavior: "pause",
  metadata: {
    capturedSimTimeMillis: 598321.046,
    recordingStartedRuntimeMs: 28850.5,
    recordingEndedRuntimeMs: 43395.7,
  },
} satisfies PlaybackScript;
