import type { PlaybackScript } from "../types";

export const playbackScript = {
  id: "moon-circle-long-2",
  snapshot: {
    metadata: {
      label: "moon-circle-long-2",
      capturedSimTimeMillis: 594998.544,
      dominantBodyId: "planet:sun",
    },
    ships: [
      {
        id: "ship:main",
        position: {
          x: -26723196037.650265,
          y: 144436361318.57745,
          z: 32230238.589154124,
        },
        velocity: {
          x: -251423.55497545004,
          y: -280437.5458693131,
          z: 23054.177871059645,
        },
        frame: {
          right: {
            x: -0.7472905128437012,
            y: 0.6644837320060781,
            z: 0.004273091746323645,
          },
          forward: {
            x: -0.6630541519773326,
            y: -0.746075551898976,
            z: 0.061077511444544375,
          },
          up: {
            x: 0.043773062029268166,
            y: 0.04280935362643063,
            z: 0.9981238792267565,
          },
        },
        orientation: [
          [-0.7472905128437012, -0.6630541519773326, 0.043773062029268166],
          [0.6644837320060781, -0.746075551898976, 0.04280935362643063],
          [0.004273091746323645, 0.061077511444544375, 0.9981238792267565],
        ],
        angularVelocity: {
          roll: 2.5512589959549613e-18,
          pitch: -1.7476036485996455e-7,
          yaw: -0.03265289313784214,
        },
      },
      {
        id: "ship:enemy",
        position: {
          x: -26520980767.758266,
          y: 144693276277.55035,
          z: -5468759.044152544,
        },
        velocity: {
          x: -35613.82103103477,
          y: -6525.838142718076,
          z: 5185.563649560294,
        },
        frame: {
          right: {
            x: -0.18013842497028135,
            y: 0.9836412684995892,
            z: -0.00005247614129495884,
          },
          forward: {
            x: -0.9836412698878167,
            y: -0.18013842497028135,
            z: 0.000004765463187072116,
          },
          up: {
            x: -0.000004765463187072113,
            y: 0.00005247614129495884,
            z: 0.9999999986117726,
          },
        },
        orientation: [
          [-0.18013842497028135, -0.9836412698878167, -0.000004765463187072113],
          [0.9836412684995892, -0.18013842497028135, 0.00005247614129495884],
          [
            -0.00005247614129495884, 0.000004765463187072116,
            0.9999999986117726,
          ],
        ],
        angularVelocity: {
          roll: 0,
          pitch: 0,
          yaw: 0,
        },
      },
    ],
    planets: [
      {
        id: "planet:mercury",
        position: {
          x: -19439591664.72932,
          y: -66919567898.18139,
          z: -3682400033.10475,
        },
        velocity: {
          x: 37203.46592432216,
          y: -10568.421804270905,
          z: -4278.076137363143,
        },
        orientation: [
          [
            0.9999997296796134, -0.0007328365945629028,
            -0.000059926285466016475,
          ],
          [0.0007328325392981492, 0.9999997291888945, -0.00006766485734453668],
          [0.00005997585652691236, 0.00006762092311610388, 0.9999999959151596],
        ],
      },
      {
        id: "planet:venus",
        position: {
          x: -107455560138.87018,
          y: -4905934882.014054,
          z: 6135294473.9382715,
        },
        velocity: {
          x: 1572.5253045155873,
          y: -35158.39202332121,
          z: -571.2922392503758,
        },
        orientation: [
          [
            0.9999999841556503, -0.00017784151539887802,
            -0.000007819076869890025,
          ],
          [
            0.00017784148223190383, 0.9999999841772302,
            -0.000004242298964471588,
          ],
          [0.000007819831201811343, 0.00000424090834331336, 0.9999999999604676],
        ],
      },
      {
        id: "planet:earth",
        position: {
          x: -26516775608.41691,
          y: 144694046386.34753,
          z: -611042.8202119945,
        },
        velocity: {
          x: -29818.1497105892,
          y: -5464.452013189748,
          z: 0.18331796801145053,
        },
        orientation: [
          [0.9992015417636253, -0.03976583520956572, 0.0038674652267375142],
          [0.039825503229802536, 0.9990650899798718, -0.01681889639527235],
          [-0.0031950320322976385, 0.016959490957794764, 0.9998510726287034],
        ],
      },
      {
        id: "planet:mars",
        position: {
          x: 208048299630.51437,
          y: -1991380822.8580847,
          z: -5155964566.099071,
        },
        velocity: {
          x: 265.78753712930046,
          y: 26339.63928343458,
          z: 545.2571092296389,
        },
        orientation: [
          [0.9991292281211952, -0.03794874321840271, -0.01734008080225351],
          [0.03805798207101731, 0.9992574368939984, 0.006013718730297969],
          [0.01709899163012203, -0.006668410637387785, 0.9998315642071685],
        ],
      },
      {
        id: "planet:jupiter",
        position: {
          x: 598562811896.0475,
          y: 439611241021.9125,
          z: -15226781147.196882,
        },
        velocity: {
          x: -8095.243507202296,
          y: 11026.971615541479,
          z: 135.55298000056177,
        },
        orientation: [
          [0.9945440893759602, -0.10420395255586996, -0.004857011316435885],
          [0.10418436024625566, 0.9945494407381255, -0.004126621804951067],
          [0.005260548191200278, 0.003598082708490805, 0.9999796900105127],
        ],
      },
      {
        id: "planet:saturn",
        position: {
          x: 958381084179.0918,
          y: 982860460553.6073,
          z: -55212882782.90763,
        },
        velocity: {
          x: -7181.300093485522,
          y: 7011.6005765473565,
          z: 163.01721531113625,
        },
        orientation: [
          [0.9964004005056797, -0.0847128803550235, 0.003157494896925852],
          [0.08476760825467153, 0.9952947185809559, -0.04693480324494129],
          [0.0008333443769202412, 0.04703351004140335, 0.998892964471387],
        ],
      },
      {
        id: "planet:uranus",
        position: {
          x: 2158977528112.3347,
          y: -2054622706693.6228,
          z: -35625526020.98274,
        },
        velocity: {
          x: 4519.25827170376,
          y: 4749.502900768173,
          z: -40.93885063694262,
        },
        orientation: [
          [0.998224677966356, -0.007778977697360084, -0.05905065456914392],
          [0.008349909039883691, 0.9999206935843934, 0.009427913914317774],
          [0.058972631941318666, -0.009904243925413416, 0.9982104661012693],
        ],
      },
      {
        id: "planet:neptune",
        position: {
          x: 2515049185656.6465,
          y: -3738712711489.154,
          z: 19032117251.29154,
        },
        velocity: {
          x: 4502.619635657549,
          y: 3028.087229419432,
          z: -166.12298713164213,
        },
        orientation: [
          [0.9981327603469647, -0.056991444568763344, -0.021976532212631832],
          [0.05652637184008139, 0.9981752988168053, -0.02123304308343452],
          [0.02314653340618944, 0.019951142271857333, 0.999532985905573],
        ],
      },
      {
        id: "planet:moon",
        position: {
          x: -26773066070.099205,
          y: 144386695681.7748,
          z: 34177983.152245045,
        },
        velocity: {
          x: -29071.867251482774,
          y: -6089.211978557263,
          z: -22.476453373976586,
        },
        orientation: [
          [0.9999987903140014, -0.001554303048778658, 0.00005926515678328427],
          [0.0015543206361128682, 0.999998747678281, -0.00029787454661863274],
          [-0.000058802095239667475, 0.0002979663033418598, 0.9999999538792799],
        ],
      },
      {
        id: "planet:phobos",
        position: {
          x: 208046950008.21857,
          y: -2000583510.5613227,
          z: -5156071188.297061,
        },
        velocity: {
          x: 2396.44164595439,
          y: 26025.1801945164,
          z: 512.0594562655956,
        },
        orientation: [
          [0.9908261063750399, -0.13513216604616968, -0.0017101535781281346],
          [0.1351287844598201, 0.9908261063750456, -0.001959218211844657],
          [0.001959218211844648, 0.001710153578128135, 0.9999966184136537],
        ],
      },
      {
        id: "planet:deimos",
        position: {
          x: 208027494398.7407,
          y: -1980543279.2462566,
          z: -5155228040.296638,
        },
        velocity: {
          x: -358.1491171751461,
          y: 25141.93972174506,
          z: 543.4185207959199,
        },
        orientation: [
          [0.9994151085186166, -0.03419311400864724, -0.0005213625746080897],
          [0.03419261387706689, 0.9994148197675564, -0.0009397793046160226],
          [0.0005531914644442743, 0.0009214028865010615, 0.9999994224978579],
        ],
      },
    ],
    stars: [
      {
        id: "planet:sun",
        position: {
          x: 0.029759477505237924,
          y: 0.028717422771192307,
          z: -0.0007415415471038245,
        },
        velocity: {
          x: 0.0001000318916165093,
          y: 0.00009652898289741867,
          z: -0.0000024926050866717264,
        },
        orientation: [
          [0.9999985081728661, -0.0017135150443057894, -0.00021798664639722737],
          [0.0017135150443058497, 0.9999985319319848, -1.8676184190087872e-7],
          [0.00021798664639722, -1.867618419008655e-7, 0.9999999762408812],
        ],
      },
    ],
  },
  fixedDtMillis: 16.666666666666668,
  timeScale: 32,
  phases: [
    {
      durationMs: 4131.899999999994,
      controls: {
        thrustLevel: 9,
        alignToVelocity: true,
      },
    },
    {
      durationMs: 28107.300000000003,
      controls: {
        thrustLevel: 9,
        circleNow: true,
      },
    },
  ],
  endBehavior: "pause",
  metadata: {
    capturedSimTimeMillis: 594998.544,
    recordingStartedRuntimeMs: 51843.3,
    recordingEndedRuntimeMs: 84082.5,
  },
} satisfies PlaybackScript;
