import type { PlaybackScript } from "../types";

export const playbackScript = {
  id: "random-trip",
  snapshot: {
    metadata: {
      label: "random-trip",
      capturedSimTimeMillis: 188684.30599999998,
      dominantBodyId: "planet:earth",
      focusEntityId: "ship:main",
    },
    entities: [
      {
        id: "planet:sun",
        position: {
          x: 0.002992721480452373,
          y: 0.002887936934300763,
          z: -0.00007457099193193947,
        },
        velocity: {
          x: 0.000031721975696477,
          y: 0.00003061126967595429,
          z: -7.904335619515898e-7,
        },
        orientation: [
          [0.9999998499768197, -0.000543385433163717, -0.00006912735821613539],
          [0.0005433854331637262, 0.9999998523661107, -1.87814018956047e-8],
          [0.00006912735821613413, -1.878140189560402e-8, 0.999999997610709],
        ],
      },
      {
        id: "planet:mercury",
        position: {
          x: -19454707334.85141,
          y: -66915271637.449,
          z: -3680661670.990631,
        },
        velocity: {
          x: 37200.37537439991,
          y: -10579.056215885013,
          z: -4278.661196479351,
        },
        orientation: [
          [
            0.9999999728156652, -0.00023239471036243941,
            -0.00001900902820637017,
          ],
          [
            0.00023239430255131034, 0.9999999727663211,
            -0.000021452938623970517,
          ],
          [0.00001901401323977713, 0.000021448520449485404, 0.9999999995892168],
        ],
      },
      {
        id: "planet:venus",
        position: {
          x: -107456198135.67998,
          y: -4891649483.7471285,
          z: 6135526544.289365,
        },
        velocity: {
          x: 1567.8854861606083,
          y: -35158.60359269974,
          z: -571.0273210544518,
        },
        orientation: [
          [
            0.999999998406663, -0.00005639661016337203,
            -0.0000024796458954829736,
          ],
          [
            0.00005639660682800924, 0.9999999984088204,
            -0.000001345155643400494,
          ],
          [
            0.0000024797217532084025, 0.0000013450157986517065,
            0.9999999999960515,
          ],
        ],
      },
      {
        id: "planet:earth",
        position: {
          x: -26504659979.851692,
          y: 144696266170.39395,
          z: -611117.0996822994,
        },
        velocity: {
          x: -29818.59164474314,
          y: -5461.9878688474855,
          z: 0.18236081765395293,
        },
        orientation: [
          [0.9999196930301607, -0.012620455051593192, 0.0011539518111497024],
          [0.01262645631463135, 0.999905969044627, -0.005350296241745854],
          [-0.0010863201307387148, 0.005364436897797142, 0.9999850212504946],
        ],
      },
      {
        id: "planet:mars",
        position: {
          x: 208048191384.07388,
          y: -2002082990.871216,
          z: -5156186105.551312,
        },
        velocity: {
          x: 267.03377230210873,
          y: 26339.62720564388,
          z: 545.2262240861901,
        },
        orientation: [
          [0.9999124205615901, -0.012049248719937393, -0.005474195100569053],
          [0.012060235612829089, 0.9999253153881267, 0.001978474916729591],
          [0.005449947126078757, -0.0020443217256998015, 0.999983059269029],
        ],
      },
      {
        id: "planet:jupiter",
        position: {
          x: 598566101092.6993,
          y: 439606760594.5477,
          z: -15226836223.896091,
        },
        velocity: {
          x: -8095.164658965741,
          y: 11027.029509711167,
          z: 135.55097589302892,
        },
        orientation: [
          [0.9994508853326375, -0.033096988667019246, -0.0015865525247898825],
          [0.03309501678270566, 0.9994514239249439, -0.001253426706542677],
          [0.0016271668295353729, 0.0012002314491177484, 0.9999979558841875],
        ],
      },
      {
        id: "planet:saturn",
        position: {
          x: 958384002039.4998,
          y: 982857611636.3805,
          z: -55212949018.8878,
        },
        velocity: {
          x: -7181.280069153835,
          y: 7011.621144932934,
          z: 163.01605812725148,
        },
        orientation: [
          [0.9996377565222055, -0.026907824408087276, 0.0005698428384836859],
          [0.026913331916556135, 0.9995264869028201, -0.014915580608366433],
          [-0.0001682271864811673, 0.014925513906025976, 0.9998885941615204],
        ],
      },
      {
        id: "planet:uranus",
        position: {
          x: 2158975691872.6694,
          y: -2054624636483.2556,
          z: -35625509386.93063,
        },
        velocity: {
          x: 4519.262678368323,
          y: 4749.4987049520005,
          z: -40.93892335651551,
        },
        orientation: [
          [0.9998214188733886, -0.002530056968653623, -0.018727764782975786],
          [0.0025874874294035135, 0.9999920225013958, 0.0030429989117859496],
          [0.01871991642165607, -0.0030909133455693646, 0.9998199892899895],
        ],
      },
      {
        id: "planet:neptune",
        position: {
          x: 2515047356177.808,
          y: -3738713941843.558,
          z: 19032184749.42912,
        },
        velocity: {
          x: 4502.6211216183965,
          y: 3028.0850189442353,
          z: -166.12297584474894,
        },
        orientation: [
          [0.9998121655504997, -0.018033851968485226, -0.00710026762713612],
          [0.017987068107711255, 0.9998164446959634, -0.006598658683466794],
          [0.007217963569230355, 0.0064697062306651835, 0.9999530208480818],
        ],
      },
      {
        id: "planet:moon",
        position: {
          x: -26761253533.581562,
          y: 144389169471.0602,
          z: 34187097.87322854,
        },
        velocity: {
          x: -29072.964663459177,
          y: -6087.5174097870895,
          z: -22.388921005848776,
        },
        orientation: [
          [0.9999998783498588, -0.0004928984084980011, 0.00001874387208854761],
          [0.0004929001771398097, 0.9999998740622936, -0.00009447112971587781],
          [
            -0.000018697305053621897, 0.00009448035708229086,
            0.9999999953619708,
          ],
        ],
      },
      {
        id: "planet:phobos",
        position: {
          x: 208045983236.80225,
          y: -2011117707.5486703,
          z: -5156278790.865745,
        },
        velocity: {
          x: 2359.2007138967174,
          y: 25827.881409665675,
          z: 509.8725266047559,
        },
        orientation: [
          [0.9990761704918351, -0.0429706836775347, -0.0005708761856175525],
          [0.042970343144999396, 0.9990761704918392, -0.0005959574943258349],
          [0.0005959574943258303, 0.0005708761856175487, 0.9999996594674647],
        ],
      },
      {
        id: "planet:deimos",
        position: {
          x: 208027645330.9613,
          y: -1990761811.860581,
          z: -5155449034.113346,
        },
        velocity: {
          x: -384.72620875510916,
          y: 25156.83739484115,
          z: 544.3791536383922,
        },
        orientation: [
          [0.9999411761888484, -0.010845075632005432, -0.0001688091704424075],
          [0.010845025332682324, 0.9999411471485296, -0.00029608237283803413],
          [0.00017201027126930745, 0.0002942342164139175, 0.9999999419193593],
        ],
      },
      {
        id: "ship:main",
        position: {
          x: -26509820329.7833,
          y: 144691096170.18997,
          z: 6117628.62838292,
        },
        velocity: {
          x: -87461.39544782742,
          y: -72971.87375218724,
          z: 4143.613365209872,
        },
        orientation: [
          [-0.764891002075486, -0.6428277162021389, 0.04140389143910795],
          [0.6441574512564596, -0.7634775267782956, 0.04651068796823861],
          [0.0017125813093140578, 0.06224623190876119, 0.9980593537853448],
        ],
        frame: {
          right: {
            x: -0.764891002075486,
            y: 0.6441574512564596,
            z: 0.0017125813093140578,
          },
          forward: {
            x: -0.6428277162021389,
            y: -0.7634775267782956,
            z: 0.06224623190876119,
          },
          up: {
            x: 0.04140389143910795,
            y: 0.04651068796823861,
            z: 0.9980593537853448,
          },
        },
        angularVelocity: {
          pitch: 0,
          roll: 0,
          yaw: 0,
        },
      },
      {
        id: "ship:enemy",
        position: {
          x: -26506104025.63364,
          y: 144696001716.12823,
          z: -6913389.4361035805,
        },
        velocity: {
          x: -37337.741980743514,
          y: -6839.001966830807,
          z: 1780.8345858142986,
        },
        orientation: [
          [-0.18013842497028135, -0.9836412698878167, -0.000004765463187072113],
          [0.9836412684995892, -0.18013842497028135, 0.00005247614129495884],
          [
            -0.00005247614129495884, 0.000004765463187072116,
            0.9999999986117726,
          ],
        ],
        frame: {
          right: {
            x: -0.18013842497028135,
            y: 0.9836412684995892,
            z: -0.00005247614129495884,
          },
          forward: {
            x: -0.9836412698878167,
            y: -0.18013842497028135,
            z: 0.000004765463187072116,
          },
          up: {
            x: -0.000004765463187072113,
            y: 0.00005247614129495884,
            z: 0.9999999986117726,
          },
        },
        angularVelocity: {
          pitch: 0,
          roll: 0,
          yaw: 0,
        },
      },
    ],
  },
  fixedDtMillis: 16.666666666666668,
  timeScale: 32,
  phases: [
    {
      durationMs: 899.7999999999993,
      controls: {
        thrustLevel: 9,
      },
    },
    {
      durationMs: 1482.8999999999978,
      controls: {
        thrustLevel: 9,
        burnForward: true,
      },
    },
    {
      durationMs: 2232.4000000000015,
      controls: {
        thrustLevel: 9,
      },
    },
    {
      durationMs: 616.5999999999985,
      controls: {
        thrustLevel: 9,
        burnBackwards: true,
      },
    },
    {
      durationMs: 2599,
      controls: {
        thrustLevel: 9,
      },
    },
    {
      durationMs: 2182.7000000000007,
      controls: {
        thrustLevel: 9,
        alignToVelocity: true,
      },
    },
    {
      durationMs: 1499.4000000000015,
      controls: {
        thrustLevel: 9,
      },
    },
    {
      durationMs: 9863.399999999998,
      controls: {
        thrustLevel: 9,
        circleNow: true,
      },
    },
  ],
  endBehavior: "pause",
  metadata: {
    capturedSimTimeMillis: 188684.30599999998,
    recordingStartedRuntimeMs: 20954.9,
    recordingEndedRuntimeMs: 42331.1,
  },
} satisfies PlaybackScript;
